100
4 3 12
3 2 1
1 5 2
8 1 1
3 2 30
1 2 27
3 2 1
4 1 11
2 1 2
4 1 5
8 2 2
5 10 5000
14 27 31
27 11 44
30 8 20
2000 4000 3
13 64 4256
400 24 16
416 24 32
456 32 24
496 24 40
104 8 384
912 1408 304
2944 24 32
3000 24 48
3048 64 712
3992 56 120
4136 24 40
4184 24 8
16 8 2973
2 7 70
175 3 114
333 3 16
351 7 1
355 7 19
381 7 2
385 4 72
470 4 2
236 10 85
628 5 1
471 10 7
640 6 1
65 15 1
473 7 3
659 8 3
6 28 570
193 4 16
168 9 41
326 3 2
302 104 26
312 119 20
3 52 400
307 3 6
193 40 43
14 29 4613
106 3 3
54 23 198
137 40 24
84 62 2
397 21 8
408 14 3
287 22 6
437 11 125
484 27 78
671 25 6
205 26 2
689 9 8
648 42 18
15 26 980
17 11 97
108 64 19
86 79 13
138 7 12
15 9 2
278 24 10
49 11 14
32 25 3
318 18 45
539 23 14
103 39 14
590 12 6
518 21 113
441 269 1
2 156 274
133 72 97
13 12 645
7 12 2
12 2 30
42 12 6
50 6 37
77 151 6
176 7 142
467 4 20
491 4 52
554 7 168
728 8 6
735 12 10
745 10 11
4 1312 2542
2050 205 943
3157 328 492
3936 328 492
8 25 306
129 3 26
22 9 2
164 24 158
420 7 11
424 10 23
89 16 1
174 13 7
5 96 1748
44 64 332
360 288 484
1096 488 20
504 92 92
15 10 830
6 9 2
8 3 1
3 7 45
49 79 14
144 9 1
149 6 76
221 64 3
291 9 1
294 7 4
302 2 183
481 122 7
610 10 28
782 3 20
827 3 3
11 30 2421
21 31 4
25 16 59
56 130 8
217 17 3
173 30 91
326 25 6
301 8 17
229 117 2
476 29 315
780 55 25
2 219 3780
160 137 170
16 119 2506
28 112 7
14 21 84
42 364 28
539 14 91
630 105 147
2023 21 56
1967 112 77
2226 84 21
2247 91 14
2345 70 28
1883 84 14
210 105 224
3136 28 14
3192 98 525
3829 56 21
5 14 37
13 10 3
20 4 2
25 8 1
33 4 3
16 234 2070
126 243 63
45 180 54
405 171 9
495 99 99
558 72 9
513 306 189
126 99 216
657 117 27
1188 81 36
1305 198 180
1125 36 90
603 198 63
999 243 45
1899 63 36
2061 108 9
5 77 675
25 56 3
4 25 177
386 60 134
465 183 27
10 40 1148
8 38 2
10 10 6
2 34 374
854 20 12
78 50 20
886 158 22
1068 20 18
1014 40 6
1112 30 24
5 89 1048
197 2 70
185 99 68
348 518 27
589 215 29
9 27 73
16 22 19
14 11 2
13 13 1
40 23 7
47 11 7
17 1 3
58 27 2
69 21 2
7 80 1144
3 81 33
5 33 97
98 629 12
306 18 15
1027 63 15
1054 56 28
10 14 79
3 12 5
8 3 4
17 14 3
23 9 3
30 4 11
27 8 1
44 4 1
11 5 10
37 10 14
5 25 4178
3 25 19
15 8 385
167 111 6
373 8 14
4 1479 3247
153 1479 408
646 1071 119
646 1003 952
2 73 4535
56 21 2
3 38 82
21 26 1
28 13 32
13 26 658
24 11 1
25 3 5
26 21 21
51 20 3
82 14 2
69 15 1
86 9 1
102 9 16
28 23 195
305 271 1
578 15 51
656 9 2
16 24 1109
137 3 11
149 2 4
156 8 103
445 17 5
328 8 4
39 9 14
305 38 6
453 29 1
512 9 300
791 65 20
461 133 21
567 43 6
1048 14 45
170 22 8
1102 11 7
13 5 3687
12 1 7
15 92 2
79 5 178
368 3 1
286 16 4
334 2 1
212 4 281
52 34 46
789 3 14
878 3 2
342 2 1
882 5 1
16 21 813
81 3 13
107 10 1
95 20 2
53 4 8
133 21 100
225 216 54
519 4 66
266 12 7
609 17 15
646 5 37
690 5 20
732 6 2
734 8 3
366 2 9
754 18 7
13 12 1085
10 3 69
157 9 4
12 10 131
39 12 9
314 4 1
316 11 8
304 10 10
893 3 1
896 3 25
968 7 1
643 2 55
660 60 5
9 62 973
44 50 1
34 17 45
177 25 27
346 42 5
371 44 27
429 34 36
387 33 88
542 427 4
15 6 461
1 6 42
48 2 1
10 5 2
49 5 4
105 4 4
54 9 1
119 5 1
120 4 41
205 4 13
223 2 2
175 5 46
297 3 76
90 35 44
411 11 6
8 804 4422
469 402 201
536 335 67
469 469 402
804 804 536
1608 536 335
2881 134 469
3618 804 804
6 9 675
74 3 148
163 52 2
269 8 2
271 9 177
445 224 6
15 24 3828
4 28 68
692 24 256
864 64 8
1004 16 44
748 276 56
1448 16 8
1408 16 4
1068 16 408
3120 24 4
3124 8 356
2324 60 4
3528 24 4
3536 24 160
4188 20 8
6 80 242
11 75 20
31 24 12
50 37 8
128 71 11
156 63 58
8 52 213
18 36 3
23 41 1
25 40 14
54 48 20
76 30 16
45 72 23
149 10 45
5 41 1260
424 5 13
355 46 65
474 178 3
454 7 12
9 31 685
15 21 58
113 12 11
160 9 3
164 14 21
138 24 80
263 99 3
347 329 2
288 5 7
3 55 101
30 26 1
16 15 17
14 19 1138
17 20 61
164 18 2
121 26 1
77 7 355
703 14 3
306 13 6
727 12 60
900 19 6
926 11 36
975 10 10
473 9 31
737 92 13
331 6 15
9 26 4755
10 24 99
217 11 2
222 15 11
243 21 4
247 8 1
233 34 19
434 7 11
63 26 4
5 44 505
19 44 175
171 332 8
534 17 3
544 19 12
9 12 376
1 12 1
1 10 28
31 87 70
283 10 3
82 18 1
299 5 25
360 3 1
122 9 11
11 28 981
25 15 7
15 25 10
67 22 306
379 17 12
396 25 67
320 60 26
217 34 32
399 26 5
276 14 143
140 68 25
2 16 4873
13 13 11
12 68 1574
38 64 22
2 62 24
116 38 4
124 50 66
120 46 6
218 52 214
372 398 442
1268 64 70
1526 62 6
286 32 6
1540 14 34
14 7 756
1 8 3
2 2 2
3 2 1
2 7 85
235 6 27
269 2 1
88 2 47
123 38 1
223 16 145
394 23 52
470 112 8
738 4 17
755 3 1
7 7 341
1 8 5
6 3 51
144 5 63
273 6 3
277 2 29
40 37 5
12 8 48
2 8 6
2 2 4
7 7 1
10 4 2
20 4 4
24 7 2
21 6 1
17 4 1
12 10 2
34 3 2
28 3 5
12 4 647
2 4 2
2 2 1
3 2 2
8 4 227
16 9 1
20 3 64
195 108 27
441 3 1
442 4 2
216 3 71
644 2 3
13 16 1774
248 10 46
198 10 22
448 8 6
40 10 2
462 10 36
580 4 2
582 16 12
98 32 28
844 14 10
854 10 12
68 8 778
1386 126 10
2 99 189
37 75 88
15 15 441
8 10 64
104 3 1
56 18 4
21 16 7
32 12 4
119 17 1
221 11 37
264 2 33
300 9 1
298 84 6
169 17 7
414 7 1
251 3 3
428 12 13
6 12 844
109 5 18
117 227 4
186 9 25
684 7 35
717 249 9
6 16 617
4 15 26
24 25 160
217 5 89
479 3 65
104 71 16
6 14 3133
7 13 3
92 6 1
94 3 1
96 14 1
36 2 8
14 19 115
4 17 1
4 6 7
18 9 15
9 8 11
47 4 1
18 16 1
60 5 1
46 18 8
44 8 1
67 11 8
72 16 8
56 7 2
104 3 1
14 15 2883
9 15 3
7 6 7
12 14 8
19 18 172
267 3 6
123 15 35
52 2 3
318 7 39
79 18 26
398 8 14
187 15 57
533 7 14
553 9 10
12 102 3408
168 6 411
378 87 129
480 210 9
924 69 3
273 42 48
1002 93 30
243 105 9
1170 45 813
975 909 72
2892 45 105
2166 396 54
15 10 467
51 2 9
29 21 3
80 6 97
124 25 6
180 20 6
227 5 2
164 10 1
236 5 49
345 4 1
346 6 2
186 13 5
360 4 2
316 45 5
414 7 3
3 22 109
179 2 1
181 7 5
2 126 1433
313 4 25
4 39 114
17 37 17
3 37 1
6 40 30
3 145 2774
132 94 750
1053 141 144
5 156 1926
1364 8 36
976 168 98
164 68 12
178 148 16
6 14 2251
2 14 4
9 9 326
97 38 172
539 4 140
730 10 7
13 18 640
193 2 74
150 109 4
376 6 5
387 9 14
404 2 4
412 4 95
572 6 1
573 8 178
214 65 1
9 4 49
877 8 3
362 16 6
2 68 145
59 57 65
12 6 36
2 6 4
3 1 1
8 2 3
8 3 1
13 3 2
11 7 1
21 5 1
24 2 1
26 2 2
10 2 1
15 5 5
7 736 2806
230 690 460
69 621 575
644 667 69
667 575 69
1242 1219 92
2645 230 161
5 76 1105
59 74 97
96 95 1
57 34 490
270 135 26
10 160 660
110 60 30
160 20 10
80 100 40
290 40 10
220 30 20
330 150 50
250 160 90
140 80 10
230 160 80
7 19 64
2 19 1
2 2 3
3 5 4
24 3 2
26 6 8
26 14 13
9 10 270
8 10 66
64 64 36
181 3 2
186 4 2
230 2 1
231 3 2
218 9 3
45 10 5
7 53 767
13 42 22
6 40 394
420 181 35
354 58 21
541 27 4
717 48 50
2 138 257
78 104 135
13 6 43
1 7 1
2 6 2
1 3 1
4 2 2
9 3 2
9 3 1
15 5 4
16 2 4
20 4 2
14 6 4
30 4 3
11 8 3
11 8 853
3 8 89
52 36 1
60 2 2
56 7 108
100 34 3
1 1 1
279 6 1
143 6 335
185 106 29
414 109 3
16 96 3984
642 24 36
684 72 6
744 24 240
960 684 6
420 90 822
2550 12 12
2784 18 6
1038 72 60
2130 30 12
2472 90 6
2934 48 642
3516 318 12
3846 96 18
1662 60 36
3930 90 54
15 18 581
1 19 2
1 2 11
3 17 2
15 7 16
22 159 3
185 17 2
192 11 10
213 18 8
228 7 4
93 7 2
92 11 3
242 14 153
537 13 4
46 11 16
16 30 1143
24 30 6
36 6 21
15 9 18
21 6 204
465 12 9
189 12 9
498 30 18
600 21 300
870 114 12
117 12 3
1008 15 6
921 21 15
681 24 12
666 30 6
1062 24 27
14 8 952
11 2 83
86 48 227
232 41 3
139 9 7
389 2 1
193 6 160
347 54 110
764 8 16
832 7 1
835 2 2
841 5 24
948 3 2
950 6 2
12 31 894
74 5 148
272 9 194
206 6 1
423 24 10
248 9 6
145 9 7
71 35 2
768 22 1
328 21 11
607 37 79
887 9 7
9 40 731
29 20 22
125 26 20
146 13 79
208 77 45
386 17 7
394 25 129
273 35 6
576 36 12
5 47 535
254 5 3
282 11 152
476 24 2
96 33 43
6 31 475
52 3 3
57 29 96
419 24 10
26 26 1
288 31 11
14 12 904
79 3 19
70 19 1
38 6 108
217 130 22
414 4 1
415 5 90
162 19 138
635 4 13
682 9 1
495 4 51
556 87 38
538 39 6
898 3 6
15 4 936
2 4 1
1 2 74
401 2 2
404 2 12
423 4 2
323 2 1
126 4 2
428 3 1
111 3 1
131 3 1
433 4 324
933 2 1
378 4 3
937 3 1
3 28 770
27 25 600
398 217 5
15 4 505
53 4 1
32 3 2
49 1 2
12 4 158
214 85 2
19 2 2
303 4 2
154 21 1
323 4 11
370 4 1
345 2 18
387 109 1
343 6 2
17 4 4
4 4 2041
1 5 1
1 2 4
5 486 1
16 15 255
22 4 2
14 5 11
12 12 55
162 15 1
171 2 1
173 9 2
105 5 44
44 29 43
84 18 2
35 15 1
236 14 24
312 11 5
20 12 48
55 55 1
247 15 15
13 9 632
5 5 90
85 2 3
98 4 5
105 2 27
126 65 131
347 2 9
364 3 20
354 13 6
185 8 6
153 3 13
534 6 95
631 4 1
